# Ranking Proof — TRACK-19A

**Date:** 2026-06-06

## StockStory Rankings (Real Data)

These rankings are computed from REAL provider data (Upstox + Screener + Yahoo), NOT synthetic.

## Top Rankings (Real Factor Scores)

| Rank | Symbol | Score | Quality | Growth | Value | Momentum | Risk |
| --- | --- | --- | --- | --- | --- | --- | --- |
| 1 | **KOTAKBANK** | 56 | 41 | 76 | 31 | 98 | 33 |
| 2 | **RELIANCE** | 56 | 41 | 82 | 31 | 99 | 28 |
| 3 | **ICICIBANK** | 55 | 32 | 86 | 29 | 100 | 26 |
| 4 | **MARUTI** | 55 | 32 | 88 | 29 | 100 | 26 |
| 5 | **SBIN** | 55 | 32 | 83 | 29 | 100 | 27 |
| 6 | **BHARTIARTL** | 54 | 32 | 85 | 29 | 100 | 26 |
| 7 | **HDFCBANK** | 54 | 32 | 83 | 29 | 99 | 26 |
| 8 | **INFY** | 54 | 32 | 82 | 29 | 100 | 28 |
| 9 | **NTPC** | 54 | 32 | 73 | 36 | 91 | 37 |
| 10 | **HINDUNILVR** | 53 | 32 | 84 | 29 | 100 | 26 |
| 11 | **ITC** | 53 | 32 | 78 | 29 | 100 | 33 |
| 12 | **LT** | 53 | 32 | 84 | 29 | 100 | 26 |
| 13 | **SUNPHARMA** | 53 | 32 | 84 | 29 | 100 | 26 |
| 14 | **TCS** | 53 | 32 | 84 | 29 | 99 | 26 |
| 15 | **BAJFINANCE** | 46 | 44 | 45 | 42 | 35 | 57 |

## Bottom Rankings

| Rank | Symbol | Score | Quality | Growth | Value | Momentum | Risk |
| --- | --- | --- | --- | --- | --- | --- | --- |
| 1 | **BAJFINANCE** | 46 | 44 | 45 | 42 | 35 | 57 |
| 2 | **TCS** | 53 | 32 | 84 | 29 | 99 | 26 |
| 3 | **SUNPHARMA** | 53 | 32 | 84 | 29 | 100 | 26 |
| 4 | **LT** | 53 | 32 | 84 | 29 | 100 | 26 |
| 5 | **ITC** | 53 | 32 | 78 | 29 | 100 | 33 |
| 6 | **HINDUNILVR** | 53 | 32 | 84 | 29 | 100 | 26 |
| 7 | **NTPC** | 54 | 32 | 73 | 36 | 91 | 37 |
| 8 | **INFY** | 54 | 32 | 82 | 29 | 100 | 28 |
| 9 | **HDFCBANK** | 54 | 32 | 83 | 29 | 99 | 26 |
| 10 | **BHARTIARTL** | 54 | 32 | 85 | 29 | 100 | 26 |
| 11 | **SBIN** | 55 | 32 | 83 | 29 | 100 | 27 |
| 12 | **MARUTI** | 55 | 32 | 88 | 29 | 100 | 26 |
| 13 | **ICICIBANK** | 55 | 32 | 86 | 29 | 100 | 26 |
| 14 | **RELIANCE** | 56 | 41 | 82 | 31 | 99 | 28 |
| 15 | **KOTAKBANK** | 56 | 41 | 76 | 31 | 98 | 33 |

## Data Provenance

- **Symbols:** MasterCompanyRegistry verified entries
- **Financials:** ProviderCoordinator → UpstoxFundamentalsProvider + ScreenerProvider + YahooProvider
- **Features:** FeatureEngine → computed from YahooProvider 2-year OHLCV
- **Factor Scores:** FactorEngine → computed from real financials + real features
- **ZERO synthetic data.** These are the first real-data rankings in StockStory.
